360789656
206971771
803878163
715462653
807848499
499288718
220641835
258821328
382089609
227075186
884341882
273801817
306201499
816820305
324315337
307923877
844897872
868285350
837149365
780992779
781383033
218769599
226869715
290458914
497603394
336511767
425062221
895146628
435623267
866752977
846608926
279524949
465818327
766134017
218943188
723965800
893865096
302919876
252745204
882458929
351690829
484663578
879209324
489930233
276577945
747380632
770426506
224149207
214509961
771408370
444627462
731750968
357350556
752501757
273662463
305091621
205284509
790315515
343365177
209788975
418152347
206734031
414178384
206383123
331350455
386698333
783167530
843213917
409794285
205941133
796479102
494411858
822432586
850477469
801418138
859931881
704800477
360670930
478765765
292435067
472702279
774365655
767297856
382310247
277799433
260451706
837022595
808546059
853664575
728302121
840538203
410501690
448777199
253912857
473074193
227369527
854255375
237246408
260528321
729817539
