09123803163
08064516602
08064516457
08009187821
09162299554
07074695494
07070111628
07070083003
09192803158
08073070821
09084586669
07043559656
09063223477
07029553027
09061532180
09100929553
09009983293
09182273806
08090197951
08069452014
08052367559
08031236129
07049606481
09119997195
09149674277
07085512881
07016555198
07000025463
09116775180
09082634336
09125216302
08090513950
07062832570
08007260984
08193977950
08051437110
09069843356
08054528562
09151352858
08143009979
09020339312
08092905676
09158436894
09113317206
09091915532
07042373311
08008151272
08012459715
08038881547
07027361124
09157471977
09148451103
09103941414
08114885893
09071505503
08049512268
08134981524
09147205295
09113377869
07063346121
09080421323
09055042737
09143278532
09171020246
08054333848
09118707152
09117015000
07087815886
09110260034
08078057701
08113985659
08127035537
08196301855
07053921847
09093845894
08092408348
09108368479
09143648855
09040566061
09188708070
07028525536
09172320878
07059108405
09076472272
08079264332
08147239279
09186921577
08100779425
09193135331
09026827913
09171349041
08146534444
09186557114
07032522115
08193007943
07015471367
09116218982
08132727631
09114305685
09033479687
