9182480091
3604947778
2532512075
2542748515
8010393101
7133276297
7407145424
9789241304
8308160810
9048353956
8170421608
8154444758
2294783514
4064747664
7065951250
9181021680
7242502486
6303576804
9285932741
5103256269
2522551342
6503973891
6093377221
3096644785
4320130653
7192017122
7199740785
7037847731
2092055695
3075383692
2169158824
5625413427
4353905281
2087948940
7122200963
7138263661
9412697132
9786201846
9121576026
5403042354
4147531343
5206324897
2140536664
7730855959
9364333005
9012974184
8437603294
2253723490
2525868167
2565609602
5139364218
2086591196
7242745691
5077308352
8606945916
9851236023
7041207837
2021992960
4079533823
4237481398
5863272053
7409999475
5400597486
6189289515
5184724184
4071055052
7186340356
3175956510
7328639789
2149378353
8652081717
3606212347
3144152919
3200260889
7857880998
7754164482
4138958497
8567850200
3161249983
2100825618
7810431619
3378127679
9857762733
7703306077
4807158610
9797299924
8082777932
2546298258
2037031098
3107416374
7707446463
7045405403
6205348922
7739302041
4349251945
3107422213
9198658146
7310483726
6035853011
4350949866
